[array([  1.09037290e+04,  -1.47697676e+00,   1.07296398e+00,
         2.45508256e+00,  -4.61250637e+00,   5.02594843e+00,
        -8.80134772e-01,   6.36446524e+00]), array([  3.01324252e+03,   4.85229075e+00,   6.54314339e-02,
         8.45305586e-01,   1.31250685e-01,  -5.49019226e-01,
        -2.92594227e+00,   1.58942595e+01]), array([  5.64881303e+03,  -2.98780530e+00,   2.61337758e+00,
         1.12607522e+00,  -5.73947981e-01,  -2.32305280e-01,
         2.46277752e+00,   9.99198281e+00]), array([  6.28952752e+03,  -3.75558723e+00,  -2.80174376e-01,
         3.91574275e+00,  -1.38658505e+00,  -6.12154426e-01,
         2.31703141e+00,   1.59088231e+01]), array([  3.93909254e+03,   4.51817910e-01,   6.78815745e-01,
         9.95099402e-01,  -1.32366308e+00,  -9.01849402e-01,
         1.15583403e+00,   6.40845120e+01]), array([  1.14981929e+02,   6.91363192e-01,   2.12182792e-01,
        -8.82352816e-03,  -4.36982840e-01,   9.55328912e-01,
         4.04643924e-01,   1.64856985e+02]), array([  3.78697652e+02,   1.02407667e+00,  -1.22303857e-01,
         6.28873698e-01,  -4.35433609e-01,   1.41335287e+00,
         1.35118650e+00,   3.07135495e+01]), array([  3.62437663e+02,   6.29940049e-01,   1.25737412e-01,
         6.27993487e-02,  -1.60360483e-01,   2.53476898e+00,
         6.01490398e+00,   1.28427654e+01]), array([-16.81115057,   2.39354824,   1.23078406,   1.80221167,
         0.34557325,   3.53646904,   3.75811191,   0.63596996]), array([  6.28403697e+02,   3.17332282e+00,   9.10299989e-01,
         5.12223716e-02,  -3.89608660e-01,   5.21189703e-01,
         5.42681806e-01,   1.48421529e+01]), array([  7.63007653e+02,   1.19526340e+00,  -2.62110305e-01,
         1.50093028e+00,   7.88877157e-01,  -1.47867793e+00,
        -2.64222883e+00,   1.00092549e+01]), array([  2.14569250e+03,   2.43619893e+00,  -6.98776701e+00,
         1.31756139e+00,  -1.55407116e+00,   1.78710255e+00,
         7.05080461e+00,   7.82803625e+00])]
[-45772.784982100398, -625.85510279745358, -21229.285053384636, -33471.394787606914, -31246.867848642552, -13606.707937996292, -13381.573580605393, -8531.0903686252568, -1752.3717956109092, -4223.1363094911321, -3699.8742102569436, -4890.8855046582466]
